0,548
0,547
0,546
0,545
0,544
0,474
25,3
14,5
48,35
10,208
10,298
10,236
10,286
10,308
10,254
11,8
11,27
11,16
11,22
11,6
11,2
11,3
9,6
9,4
8,10
8,6
8,16
8,7
8,14
8,11
12,2
12,1
12,3
20,2
20,1
20,3
19,2
19,1
19,3
18,1
18,3
14,1
14,4
14,3
13,1
13,3
2,2
2,1
2,3
36,7
36,6
36,5
36,4
36,3
36,1
35,5
35,4
35,3
35,1
34,70
34,69
34,68
34,67
34,66
34,65
34,64
34,37
34,36
34,35
34,34
34,33
34,32
34,31
34,30
34,29
34,28
34,27
34,26
34,25
34,24
34,23
34,22
34,21
34,20
34,19
34,18
34,17
34,16
34,15
34,14
34,13
34,12
34,11
34,10
34,9
34,8
34,7
34,6
34,5
34,4
34,3
34,2
34,1
34,0
32,5
32,4
32,3
32,1
31,5
31,4
31,3
31,1
30,3
30,1
29,5
29,4
29,3
29,1
28,3
28,1
26,35
26,33
26,32
26,31
26,30
26,29
26,28
26,26
26,24
